{
 "cells": [
  {
   "cell_type": "code",
   "execution_count": 43,
   "metadata": {},
   "outputs": [],
   "source": [
    "#imports\n",
    "\n",
    "\n",
    "import pandas as pd\n",
    "import numpy as np\n",
    "import cvxpy as cp\n",
    "from scipy.stats import skew, kurtosis\n",
    "import matplotlib.pyplot as plt"
   ]
  },
  {
   "cell_type": "markdown",
   "metadata": {},
   "source": [
    "## Two fund theorem"
   ]
  },
  {
   "cell_type": "code",
   "execution_count": 30,
   "metadata": {},
   "outputs": [
    {
     "name": "stdout",
     "output_type": "stream",
     "text": [
      "Expected Returns :  [-1.36125948e-04  3.07040083e-04  9.50870127e-04  9.75402316e-04\n",
      "  1.99463724e-04  1.15917179e-03  5.52314633e-04 -1.83167696e-06\n",
      " -9.91974904e-04  2.31471420e-04  1.97892195e-04]\n",
      "Covariance :  [[ 1.37661150e-05  1.08385833e-05  1.26921742e-05  5.01370278e-06\n",
      "   1.50860467e-07  2.71343608e-06  3.20572301e-08  1.47955557e-05\n",
      "   1.49947632e-05  1.82214717e-05  2.11396257e-05]\n",
      " [ 1.08385833e-05  1.23688060e-04  3.40872744e-05  7.64183605e-05\n",
      "   9.64145250e-08 -3.31534814e-06  1.56160741e-05  6.83512392e-05\n",
      "   5.55736768e-05  6.65828310e-05  6.61378701e-05]\n",
      " [ 1.26921742e-05  3.40872744e-05  9.00796134e-05  2.42306278e-05\n",
      "   1.86889990e-07  8.96574588e-06  3.78117398e-05  3.57791531e-05\n",
      "   3.72391932e-05  4.16647495e-05  3.31894732e-05]\n",
      " [ 5.01370278e-06  7.64183605e-05  2.42306278e-05  1.28294879e-04\n",
      "   1.83350298e-08  6.10501515e-06  8.99704013e-06  8.93047492e-05\n",
      "   5.37554144e-05  5.89612676e-05  6.27427802e-05]\n",
      " [ 1.50860467e-07  9.64145250e-08  1.86889990e-07  1.83350298e-08\n",
      "   2.70017191e-08 -9.50979640e-08 -4.10212629e-07  2.69475242e-07\n",
      "   6.21560452e-08  2.04132809e-07  1.93827208e-07]\n",
      " [ 2.71343608e-06 -3.31534814e-06  8.96574588e-06  6.10501515e-06\n",
      "  -9.50979640e-08  1.18572255e-04  2.84879175e-06 -2.03239595e-05\n",
      "   7.83029809e-06  3.12670607e-06  1.63725756e-05]\n",
      " [ 3.20572301e-08  1.56160741e-05  3.78117398e-05  8.99704013e-06\n",
      "  -4.10212629e-07  2.84879175e-06  2.85913421e-04 -2.47690104e-05\n",
      "   4.05874255e-05  2.38114669e-05  1.39809962e-05]\n",
      " [ 1.47955557e-05  6.83512392e-05  3.57791531e-05  8.93047492e-05\n",
      "   2.69475242e-07 -2.03239595e-05 -2.47690104e-05  2.58718136e-04\n",
      "   7.08482722e-05  7.62566876e-05  6.65034285e-05]\n",
      " [ 1.49947632e-05  5.55736768e-05  3.72391932e-05  5.37554144e-05\n",
      "   6.21560452e-08  7.83029809e-06  4.05874255e-05  7.08482722e-05\n",
      "   1.27218333e-04  7.42898217e-05  6.20309757e-05]\n",
      " [ 1.82214717e-05  6.65828310e-05  4.16647495e-05  5.89612676e-05\n",
      "   2.04132809e-07  3.12670607e-06  2.38114669e-05  7.62566876e-05\n",
      "   7.42898217e-05  9.50018627e-05  7.39895338e-05]\n",
      " [ 2.11396257e-05  6.61378701e-05  3.31894732e-05  6.27427802e-05\n",
      "   1.93827208e-07  1.63725756e-05  1.39809962e-05  6.65034285e-05\n",
      "   6.20309757e-05  7.39895338e-05  9.93250675e-05]]\n",
      "Betas of assets:\n",
      "FXE : 0.075329\n",
      "EWJ : 0.882266\n",
      "GLD : 0.317668\n",
      "QQQ : 1.349591\n",
      "SHV : 0.000957\n",
      "DBA : 0.026372\n",
      "USO : 0.079143\n",
      "XBI : 1.15657\n",
      "ILF : 0.725822\n",
      "EPP : 0.769743\n",
      "FEZ : 0.755966\n",
      "\n",
      "Portfolio weights for βa = 0.5:\n",
      "FXE   -0.071100\n",
      "EWJ    0.003735\n",
      "GLD    0.001220\n",
      "QQQ    0.302425\n",
      "SHV    0.664465\n",
      "DBA   -0.006055\n",
      "USO   -0.005851\n",
      "XBI    0.023930\n",
      "ILF    0.026718\n",
      "EPP    0.050379\n",
      "FEZ    0.010134\n",
      "dtype: float64\n",
      "\n",
      "Portfolio weights for βb = 1.5:\n",
      "FXE   -0.199071\n",
      "EWJ    0.010324\n",
      "GLD    0.006711\n",
      "QQQ    0.906602\n",
      "SHV   -0.018720\n",
      "DBA   -0.020578\n",
      "USO   -0.020866\n",
      "XBI    0.072284\n",
      "ILF    0.078203\n",
      "EPP    0.154276\n",
      "FEZ    0.030834\n",
      "dtype: float64\n",
      "\n",
      "Alpha for beta_c = 1: 0.5\n",
      "\n",
      "Portfolio weights for βc = 1 (via two-fund theorem):\n",
      "FXE   -0.135085\n",
      "EWJ    0.007029\n",
      "GLD    0.003965\n",
      "QQQ    0.604514\n",
      "SHV    0.322872\n",
      "DBA   -0.013317\n",
      "USO   -0.013358\n",
      "XBI    0.048107\n",
      "ILF    0.052461\n",
      "EPP    0.102328\n",
      "FEZ    0.020484\n",
      "dtype: float64\n",
      "\n",
      "Check β of ωmv(βc): 0.9999999999999987\n"
     ]
    }
   ],
   "source": [
    "import numpy as np\n",
    "import pandas as pd\n",
    "import cvxpy as cp\n",
    "\n",
    "\n",
    "# Load data\n",
    "config_path = \"/Users/vamsyvrishank/Desktop/sem2/FE630/Project/Dynamic-Beta-Hedging-Model/data/daily_returns.csv\"\n",
    "data = pd.read_csv(config_path)\n",
    "\n",
    "# Convert date and index properly\n",
    "data['Date'] = pd.to_datetime(data['Date'])\n",
    "data = data.set_index('Date')\n",
    "\n",
    "\n",
    "# Select 1-year window before Jan 2, 2025\n",
    "\n",
    "returns_1y = data.loc[\"2024-01-02\":\"2025-01-01\"]\n",
    "\n",
    "U = ['FXE','EWJ','GLD','QQQ','SHV','DBA','USO','XBI','ILF','EPP','FEZ']\n",
    "market = 'SPY'\n",
    "apple_ticker = \"AAPL\"\n",
    "\n",
    "# Expected returns and covariance matrix\n",
    "mu = returns_1y[U].mean().values\n",
    "Sigma = returns_1y[U].cov().values\n",
    "\n",
    "\n",
    "print(\"Expected Returns : \" , mu )\n",
    "print(\"Covariance : \" , Sigma)\n",
    "\n",
    "\n",
    "# Compute betas\n",
    "\n",
    "def compute_beta(asset , market):\n",
    "    cov = np.cov(returns_1y[asset], returns_1y[market])[0,1]\n",
    "    var_market = np.var(returns_1y[market], ddof=1)\n",
    "    return cov / var_market\n",
    "\n",
    "betas = np.array([compute_beta(asset, market) for asset in U])\n",
    "\n",
    "print(\"Betas of assets:\")\n",
    "for asset, b in zip(U, betas):\n",
    "    print(asset, \":\", round(b, 6))\n",
    "\n",
    "\n",
    "\n",
    "# Minimum Variance Optimization with Target Beta\n",
    "\n",
    "def mvo_target_beta(beta_target):\n",
    "    n = len(U)\n",
    "    w = cp.Variable(n)\n",
    "\n",
    "    objective = cp.quad_form(w, Sigma)\n",
    "    constraints = [\n",
    "        cp.sum(w) == 1,\n",
    "        betas @ w == beta_target\n",
    "    ]\n",
    "\n",
    "    prob = cp.Problem(cp.Minimize(objective), constraints)\n",
    "    prob.solve()\n",
    "\n",
    "    return w.value \n",
    "\n",
    "\n",
    "beta_a = 0.5\n",
    "beta_b = 1.5\n",
    "\n",
    "w_a = mvo_target_beta(beta_a)\n",
    "w_b = mvo_target_beta(beta_b)\n",
    "\n",
    "print(\"\\nPortfolio weights for βa = 0.5:\")\n",
    "print(pd.Series(w_a, index=U))\n",
    "\n",
    "print(\"\\nPortfolio weights for βb = 1.5:\")\n",
    "print(pd.Series(w_b, index=U))\n",
    "\n",
    "\n",
    "# Two-fund alpha\n",
    "\n",
    "beta_c = 1\n",
    "alpha = (beta_b - beta_c) / (beta_b - beta_a)  \n",
    "\n",
    "print(\"\\nAlpha for beta_c = 1:\", alpha)\n",
    "\n",
    "w_c = alpha * w_a + (1 - alpha) * w_b\n",
    "\n",
    "print(\"\\nPortfolio weights for βc = 1 (via two-fund theorem):\")\n",
    "print(pd.Series(w_c, index=U))\n",
    "\n",
    "print(\"\\nCheck β of ωmv(βc):\", betas @ w_c)\n"
   ]
  },
  {
   "cell_type": "markdown",
   "metadata": {},
   "source": [
    "## Hedging a long position in Apple "
   ]
  },
  {
   "cell_type": "markdown",
   "metadata": {},
   "source": [
    "###  Beta Hedged Portfolio"
   ]
  },
  {
   "cell_type": "code",
   "execution_count": 26,
   "metadata": {},
   "outputs": [
    {
     "name": "stdout",
     "output_type": "stream",
     "text": [
      "\n",
      "Minimum Variance Portfolio with beta_A:\n",
      "FXE   -0.129644\n",
      "EWJ    0.006749\n",
      "GLD    0.003732\n",
      "QQQ    0.578823\n",
      "SHV    0.351922\n",
      "DBA   -0.012699\n",
      "USO   -0.012720\n",
      "XBI    0.046051\n",
      "ILF    0.050272\n",
      "EPP    0.097910\n",
      "FEZ    0.019604\n",
      "dtype: float64\n",
      "\n",
      "Expected return of hedge basket: 0.0006128943973507471\n",
      "Expected return of hedged AAPL strategy: 0.0012120209613770507\n"
     ]
    }
   ],
   "source": [
    "# we already computed betas of securities \n",
    "\n",
    "print(\"Betas of assets:\")\n",
    "for asset, b in zip(U, betas):\n",
    "    print(asset, \":\", round(b, 6))\n",
    "\n",
    "\n",
    "apple_beta = compute_beta(apple_ticker , market)\n",
    "\n",
    "weights_basket = mvo_target_beta(apple_beta)\n",
    "\n",
    "print(\"\\nMinimum Variance Portfolio with beta_A:\")\n",
    "print(pd.Series(weights_basket, index=U))\n",
    "\n",
    "mu_basket = mu @ weights_basket\n",
    "mu_apple = returns_1y[apple_ticker].mean()\n",
    "mu_hedged = mu_apple - mu_basket\n",
    "\n",
    "\n",
    "print(\"Apple beta : \" , apple_beta)\n",
    "\n",
    "print(\"\\nExpected return of hedge basket:\", mu_basket)\n",
    "print(\"Expected return of basket AAPL strategy:\", mu_apple)\n",
    "\n"
   ]
  },
  {
   "cell_type": "code",
   "execution_count": 28,
   "metadata": {},
   "outputs": [
    {
     "name": "stdout",
     "output_type": "stream",
     "text": [
      "\n",
      "Minimum Variance Portfolio with beta_A:\n",
      "FXE   -0.129644\n",
      "EWJ    0.006749\n",
      "GLD    0.003732\n",
      "QQQ    0.578823\n",
      "SHV    0.351922\n",
      "DBA   -0.012699\n",
      "USO   -0.012720\n",
      "XBI    0.046051\n",
      "ILF    0.050272\n",
      "EPP    0.097910\n",
      "FEZ    0.019604\n",
      "dtype: float64\n",
      "\n",
      "Expected return of hedge basket: 0.0006128943973507471\n",
      "Expected return of hedged AAPL strategy: 0.0005991265640263036\n",
      "Expected return of  AAPL : 0.0012120209613770507\n"
     ]
    }
   ],
   "source": [
    "apple_beta = compute_beta(apple_ticker, market)\n",
    "\n",
    "weights_hedged = mvo_target_beta(apple_beta)   \n",
    "\n",
    "print(\"\\nMinimum Variance Portfolio with beta_A:\")\n",
    "print(pd.Series(weights_hedged, index=U))\n",
    "\n",
    "# Expected returns\n",
    "mu_basket = mu @ weights_hedged\n",
    "mu_apple = returns_1y[apple_ticker].mean()\n",
    "\n",
    "# Hedged strategy expected return\n",
    "mu_hedged = mu_apple - mu_basket\n",
    "\n",
    "print(\"\\nExpected return of hedge basket:\", mu_basket)\n",
    "print(\"Expected return of hedged AAPL strategy:\", mu_hedged)\n",
    "print(\"Expected return of  AAPL :\", mu_apple)\n"
   ]
  },
  {
   "cell_type": "markdown",
   "metadata": {},
   "source": [
    "Beta hedge removes systematic risk, not alpha."
   ]
  },
  {
   "cell_type": "markdown",
   "metadata": {},
   "source": [
    "### Beta Neutral Portfolio\n"
   ]
  },
  {
   "cell_type": "code",
   "execution_count": 34,
   "metadata": {},
   "outputs": [
    {
     "name": "stdout",
     "output_type": "stream",
     "text": [
      "\n",
      "Beta Neutral Minimum Variance Portfolio weights (Universe V):\n",
      "AAPL   -0.000479\n",
      "FXE    -0.006833\n",
      "EWJ     0.000394\n",
      "GLD    -0.001558\n",
      "QQQ     0.000696\n",
      "SHV     1.005960\n",
      "DBA     0.001232\n",
      "USO     0.001649\n",
      "XBI    -0.000234\n",
      "ILF     0.000948\n",
      "EPP    -0.001495\n",
      "FEZ    -0.000279\n",
      "dtype: float64\n",
      "\n",
      "Comparison of Beta-Neutral MV vs Hedged Strategy:\n",
      "                 Beta-Neutral MV Portfolio  AAPL Hedged Strategy\n",
      "Expected Return               2.013181e-04          5.991266e-04\n",
      "Variance                      2.470001e-08          1.371214e-04\n",
      "Beta                         -3.034497e-15          1.228040e-15\n"
     ]
    }
   ],
   "source": [
    "universe = ['AAPL', 'FXE','EWJ','GLD','QQQ','SHV','DBA','USO','XBI','ILF','EPP','FEZ']\n",
    "# Betas (AAPL included)\n",
    "betas_universe = np.array([compute_beta(asset, market) for asset in universe])\n",
    "\n",
    "# Covariance \n",
    "Sigma_universe = returns_1y[universe].cov().values\n",
    "\n",
    "# Expected returns\n",
    "mu_universe = returns_1y[universe].mean().values\n",
    "\n",
    "\n",
    "def mvo_target_beta_general(beta_target, assets, Sigma_matrix, beta_vec):\n",
    "    n = len(assets)\n",
    "    w = cp.Variable(n)\n",
    "\n",
    "    objective = cp.quad_form(w, Sigma_matrix)\n",
    "    constraints = [\n",
    "        cp.sum(w) == 1,\n",
    "        beta_vec @ w == beta_target\n",
    "    ]\n",
    "\n",
    "    prob = cp.Problem(cp.Minimize(objective), constraints)\n",
    "    prob.solve()\n",
    "\n",
    "    return np.array(w.value)\n",
    "\n",
    "\n",
    "w_beta_neutral = mvo_target_beta_general(0, universe, Sigma_universe, betas_universe)\n",
    "\n",
    "print(\"\\nBeta Neutral Minimum Variance Portfolio weights (Universe V):\")\n",
    "print(pd.Series(w_beta_neutral, index=universe))\n",
    "\n",
    "\n",
    "#hedged straetgy from previous part \n",
    "\n",
    "w_hedged = np.zeros(len(universe))\n",
    "w_hedged[universe.index(\"AAPL\")] = 1      # long AAPL\n",
    "w_hedged[1:] = -weights_hedged     # short hedge basket , APPL is first element here\n",
    "\n",
    "\n",
    "#metrics for both portfolios\n",
    "\n",
    "#expected returns \n",
    "mu_beta_neutral =  mu_universe @ w_beta_neutral\n",
    "mu_hedged_strategy = mu_universe @ w_hedged\n",
    "\n",
    "#variance and standard deviation\n",
    "\n",
    "var_beta_neutral = w_beta_neutral.T @ Sigma_universe @ w_beta_neutral\n",
    "var_hedged_strategy = w_hedged.T @ Sigma_universe @ w_hedged\n",
    "\n",
    "#betas of both strategies\n",
    "beta_beta_neutral = betas_universe @ w_beta_neutral\n",
    "beta_beta_hedged  = betas_universe @ w_hedged\n",
    "\n",
    "\n",
    "summary = pd.DataFrame({\n",
    "    \"Beta-Neutral MV Portfolio\": [mu_beta_neutral, var_beta_neutral, beta_beta_neutral],\n",
    "    \"AAPL Hedged Strategy\": [mu_hedged_strategy, var_hedged_strategy, beta_beta_hedged]\n",
    "}, index=[\"Expected Return\", \"Variance\", \"Beta\"])\n",
    "\n",
    "print(\"\\nComparison of Beta-Neutral MV vs Hedged Strategy:\")\n",
    "print(summary)\n",
    "\n"
   ]
  },
  {
   "cell_type": "markdown",
   "metadata": {},
   "source": [
    "### Backtesting from Jan 2025 to March 2025\n"
   ]
  },
  {
   "cell_type": "code",
   "execution_count": 36,
   "metadata": {},
   "outputs": [
    {
     "name": "stdout",
     "output_type": "stream",
     "text": [
      "\n",
      "Sample of realized daily returns:\n",
      "            Hedged Strategy  Beta-Neutral MV\n",
      "Date                                        \n",
      "2025-01-03        -0.011732         0.000256\n",
      "2025-01-06        -0.000598         0.000123\n",
      "2025-01-07        -0.002079         0.000231\n",
      "2025-01-08         0.001858        -0.000026\n",
      "2025-01-10        -0.011124         0.000409\n",
      "2025-01-13        -0.008716         0.000266\n",
      "2025-01-14        -0.002931         0.000016\n",
      "2025-01-15         0.002786         0.000240\n",
      "2025-01-16        -0.036964         0.000031\n",
      "2025-01-17        -0.002887         0.000487\n"
     ]
    }
   ],
   "source": [
    "returns_test = data.loc[\"2025-01-03\":\"2025-03-30\"]\n",
    "\n",
    "returns_universe = returns_test[universe]   # universe: ['AAPL', FXE, ..., FEZ]\n",
    "returns_U = returns_test[U]   # just the ETF's without apple\n",
    "\n",
    "\n",
    "#hedged strategy\n",
    "R_AAPL = returns_test[\"AAPL\"].values\n",
    "R_hedgebasket = returns_U.values @ weights_hedged\n",
    "\n",
    "R_hedged_strategy = R_AAPL - R_hedgebasket\n",
    "R_hedged_strategy = pd.Series(R_hedged_strategy, index=returns_test.index)\n",
    "\n",
    "#beta neutral mvp strategy \n",
    "R_beta_neutral = returns_universe.values @ w_beta_neutral\n",
    "R_beta_neutral = pd.Series(R_beta_neutral, index=returns_test.index)\n",
    "\n",
    "print(\"\\nSample of realized daily returns:\")\n",
    "print(pd.DataFrame({\n",
    "    \"Hedged Strategy\": R_hedged_strategy.head(10),\n",
    "    \"Beta-Neutral MV\": R_beta_neutral.head(10)\n",
    "}))\n"
   ]
  },
  {
   "cell_type": "markdown",
   "metadata": {},
   "source": [
    "### Risk Statistics "
   ]
  },
  {
   "cell_type": "code",
   "execution_count": 38,
   "metadata": {},
   "outputs": [
    {
     "name": "stdout",
     "output_type": "stream",
     "text": [
      "\n",
      "Realized risk and return comparison (Jan–Mar 2025):\n",
      "               Hedged Strategy  Beta-Neutral MV Portfolio\n",
      "Mean Return          -0.000322                   0.000167\n",
      "Volatility            0.016667                   0.000146\n",
      "95% VaR              -0.030485                  -0.000019\n",
      "Skewness              0.008052                   0.409349\n",
      "Kurtosis              1.296467                  -0.594138\n",
      "Realized Beta        -0.254852                  -0.001401\n"
     ]
    }
   ],
   "source": [
    "# compute stats\n",
    "\n",
    "def portfolio_stats(series):\n",
    "    mean_ret = series.mean()\n",
    "    vol = series.std()\n",
    "    var95 = np.percentile(series, 5)  # 95% historical VaR\n",
    "    sk = skew(series)\n",
    "    kt = kurtosis(series)\n",
    "    return mean_ret, vol, var95, sk, kt\n",
    "\n",
    "\n",
    "stats_hedged = portfolio_stats(R_hedged_strategy)\n",
    "stats_beta_neutral = portfolio_stats(R_beta_neutral)\n",
    "\n",
    "R_SPY_test = returns_test[\"SPY\"]\n",
    "\n",
    "\n",
    "def realized_beta(series, market):\n",
    "    cov = np.cov(series, market)[0,1]\n",
    "    var = np.var(market)\n",
    "    return cov / var\n",
    "\n",
    "\n",
    "beta_realized_hedged = realized_beta(R_hedged_strategy, R_SPY_test)\n",
    "beta_realized_beta0  = realized_beta(R_beta_neutral, R_SPY_test)\n",
    "\n",
    "\n",
    "summary3 = pd.DataFrame({\n",
    "    \"Hedged Strategy\": [\n",
    "        stats_hedged[0], stats_hedged[1], stats_hedged[2],\n",
    "        stats_hedged[3], stats_hedged[4], beta_realized_hedged\n",
    "    ],\n",
    "    \"Beta-Neutral MV Portfolio\": [\n",
    "        stats_beta_neutral[0], stats_beta_neutral[1], stats_beta_neutral[2],\n",
    "        stats_beta_neutral[3], stats_beta_neutral[4], beta_realized_beta0\n",
    "    ]\n",
    "}, index=[\"Mean Return\", \"Volatility\", \"95% VaR\",\n",
    "          \"Skewness\", \"Kurtosis\", \"Realized Beta\"])\n",
    "\n",
    "print(\"\\nRealized risk and return comparison (Jan–Mar 2025):\")\n",
    "print(summary3)"
   ]
  },
  {
   "cell_type": "markdown",
   "metadata": {},
   "source": [
    "### Chasing Performance "
   ]
  },
  {
   "cell_type": "code",
   "execution_count": null,
   "metadata": {},
   "outputs": [],
   "source": [
    "beta_A = compute_beta(apple_ticker , market)\n",
    "\n",
    "def mvo_target_beta_return_chasing(beta_target, lambda_param):\n",
    "    \"\"\"\n",
    "    Solve: min_w  w^T Σ w  - λ μ^T w\n",
    "    subject to sum(w)=1 and beta(w)=beta_target\n",
    "    \"\"\"\n",
    "\n",
    "    n = len(U)\n",
    "    w = cp.Variable(n)\n",
    "\n",
    "    # Objective: variance - λ * expected return\n",
    "    objective = cp.quad_form(w, Sigma) - lambda_param * (mu @ w)\n",
    "\n",
    "    constraints = [\n",
    "        cp.sum(w) == 1,\n",
    "        betas @ w == beta_target\n",
    "    ]\n",
    "\n",
    "    prob = cp.Problem(cp.Minimize(objective), constraints)\n",
    "    prob.solve()\n",
    "\n",
    "    return np.array(w.value)\n",
    "\n",
    "lambda_param = 6\n",
    "w_hedge_return_chasing = mvo_target_beta_return_chasing(beta_A, lambda_param)\n",
    "\n",
    "#computing the returns of new hedged strategy\n",
    "mu_basket_chasing = mu @ w_hedge_return_chasing\n",
    "mu_apple = returns_1y[apple_ticker].mean()\n",
    "mu_hedged_chasing = mu_apple - mu_basket_chasing\n",
    "var_basket_chasing = w_hedge_return_chasing.T @ Sigma @ w_hedge_return_chasing\n",
    "\n",
    "\n",
    "print(\"\\nReturn-Chasing Hedge Portfolio Weights (λ = {}):\".format(lambda_param))\n",
    "print(pd.Series(w_hedge_return_chasing, index=U))\n",
    "print(\"\\nExpected return of hedge basket (return-chasing):\", mu_basket_chasing)\n",
    "print(\"Expected return of hedged AAPL strategy (return-chasing):\", mu_hedged_chasing)\n",
    "print(\"Variance of hedge basket (return-chasing):\", var_basket_chasing)\n",
    "\n"
   ]
  },
  {
   "cell_type": "markdown",
   "metadata": {},
   "source": [
    "### Dynamic Hedging"
   ]
  },
  {
   "cell_type": "code",
   "execution_count": 42,
   "metadata": {},
   "outputs": [
    {
     "name": "stdout",
     "output_type": "stream",
     "text": [
      "\n",
      "Dynamic Hedged Strategy PnL:\n",
      "2025-01-03   -0.008759\n",
      "2025-01-06    0.002139\n",
      "2025-01-07   -0.003779\n",
      "2025-01-08    0.001911\n",
      "2025-01-10   -0.011957\n",
      "2025-01-13   -0.009444\n",
      "2025-01-14   -0.003376\n",
      "2025-01-15    0.007869\n",
      "2025-01-16   -0.035877\n",
      "2025-01-17    0.000007\n",
      "2025-01-21   -0.037289\n",
      "2025-01-22   -0.001162\n",
      "2025-01-23   -0.003259\n",
      "2025-01-24   -0.001606\n",
      "2025-01-27    0.044715\n",
      "2025-01-28    0.031175\n",
      "2025-01-29    0.005849\n",
      "2025-01-30   -0.010665\n",
      "2025-01-31   -0.005532\n",
      "2025-02-03   -0.032370\n",
      "dtype: float64\n"
     ]
    }
   ],
   "source": [
    "\n",
    "window = 60               # 60-day rolling window\n",
    "rebalance_every = 5       # weekly rebalancing\n",
    "test_returns = data.loc[\"2025-01-03\":\"2025-03-30\"]\n",
    "\n",
    "\n",
    "dynamic_pnl = []\n",
    "dynamic_dates = []\n",
    "\n",
    "all_assets = U            # only using ETF basket for hedging\n",
    "R_full = data[all_assets]\n",
    "R_AAPL_full = data[\"AAPL\"]\n",
    "R_SPY_full = data[\"SPY\"]\n",
    "\n",
    "dates = test_returns.index\n",
    "\n",
    "\n",
    "for i in range( 0 , len(dates) , rebalance_every):\n",
    "\n",
    "    t = dates[i]\n",
    "    start = R_full.index.get_loc(t) - window\n",
    "    end = R_full.index.get_loc(t)\n",
    "\n",
    "    if start < 0 : continue\n",
    "\n",
    "    R_window = R_full.iloc[start:end]\n",
    "    AAPL_window = R_AAPL_full.iloc[start:end]\n",
    "    SPY_window = R_SPY_full.iloc[start:end]\n",
    "\n",
    "    # --- Compute betas & covariance for window ---\n",
    "    Sigma_t = R_window.cov().values\n",
    "    mu_t = R_window.mean().values\n",
    "\n",
    "    betas_t = np.array([\n",
    "        np.cov(R_window[asset], SPY_window)[0,1] /\n",
    "        np.var(SPY_window, ddof=1)\n",
    "        for asset in all_assets\n",
    "    ])\n",
    "\n",
    "    beta_AAPL_t = np.cov(AAPL_window, SPY_window)[0,1] / np.var(SPY_window, ddof=1)\n",
    "\n",
    "    # --- Solve hedge weights at this time ---\n",
    "    n = len(all_assets)\n",
    "    w = cp.Variable(n)\n",
    "\n",
    "    objective = cp.quad_form(w, Sigma_t)\n",
    "    constraints = [\n",
    "        cp.sum(w) == 1,\n",
    "        betas_t @ w == beta_AAPL_t\n",
    "    ]\n",
    "\n",
    "    prob = cp.Problem(cp.Minimize(objective), constraints)\n",
    "    prob.solve()\n",
    "\n",
    "    w_t = np.array(w.value)\n",
    "\n",
    "\n",
    "        # --- Apply hedge for next week ---\n",
    "    next_dates = dates[i:i+rebalance_every]\n",
    "\n",
    "    for day in next_dates:\n",
    "        if day not in R_full.index:\n",
    "            continue\n",
    "        \n",
    "        R_AAPL_today = R_AAPL_full.loc[day]\n",
    "        R_basket_today = R_full.loc[day].values @ w_t\n",
    "\n",
    "        pnl_today = R_AAPL_today - R_basket_today\n",
    "\n",
    "        dynamic_pnl.append(pnl_today)\n",
    "        dynamic_dates.append(day)\n",
    "\n",
    "\n",
    "# Convert to Series\n",
    "dynamic_pnl = pd.Series(dynamic_pnl, index=dynamic_dates)\n",
    "\n",
    "print(\"\\nDynamic Hedged Strategy PnL:\")\n",
    "print(dynamic_pnl.head(20))\n",
    "\n",
    "\n"
   ]
  },
  {
   "cell_type": "markdown",
   "metadata": {},
   "source": [
    "#### Interpretation "
   ]
  },
  {
   "cell_type": "code",
   "execution_count": 44,
   "metadata": {},
   "outputs": [
    {
     "data": {
